Steady State One-Speed Diffusion Equation Solution
Grid dimensions: 8 x 8
Rectangle dimensions: 1.000000e+02 cm x 1.000000e+02 cm
Physical parameters: D = 1.420000e-01 cm, sigma_a = 2.220000e-02 cm-1

Scalar Flux Solution:
   0.000000e+00   0.000000e+00   0.000000e+00   0.000000e+00   0.000000e+00   0.000000e+00   0.000000e+00   0.000000e+00   0.000000e+00   0.000000e+00
   0.000000e+00   7.813851e-03   9.103524e-02   7.072940e-01   9.884909e-02   9.884909e-02   7.072940e-01   9.103524e-02   7.813851e-03   0.000000e+00
   0.000000e+00   9.103524e-02   1.406103e+00   1.629077e+01   1.497139e+00   1.497139e+00   1.629077e+01   1.406103e+00   9.103524e-02   0.000000e+00
   0.000000e+00   7.072940e-01   1.629077e+01   3.759805e+02   1.699806e+01   1.699806e+01   3.759805e+02   1.629077e+01   7.072940e-01   0.000000e+00
   0.000000e+00   9.884909e-02   1.497139e+00   1.699806e+01   1.595988e+00   1.595988e+00   1.699806e+01   1.497139e+00   9.884909e-02   0.000000e+00
   0.000000e+00   9.884909e-02   1.497139e+00   1.699806e+01   1.595988e+00   1.595988e+00   1.699806e+01   1.497139e+00   9.884909e-02   0.000000e+00
   0.000000e+00   7.072940e-01   1.629077e+01   3.759805e+02   1.699806e+01   1.699806e+01   3.759805e+02   1.629077e+01   7.072940e-01   0.000000e+00
   0.000000e+00   9.103524e-02   1.406103e+00   1.629077e+01   1.497139e+00   1.497139e+00   1.629077e+01   1.406103e+00   9.103524e-02   0.000000e+00
   0.000000e+00   7.813851e-03   9.103524e-02   7.072940e-01   9.884909e-02   9.884909e-02   7.072940e-01   9.103524e-02   7.813851e-03   0.000000e+00
   0.000000e+00   0.000000e+00   0.000000e+00   0.000000e+00   0.000000e+00   0.000000e+00   0.000000e+00   0.000000e+00   0.000000e+00   0.000000e+00
